10 0.246443 0.438197 0.043945 0.045593
23 0.178083 0.488855 0.043945 0.047619
3 0.207729 0.656535 0.046038 0.056738
4 0.290388 0.542553 0.067662 0.057751
27 0.327706 0.465046 0.050223 0.054711
1 0.314802 0.349037 0.062081 0.043566
14 0.370954 0.306484 0.050223 0.039514
12 0.425363 0.270010 0.053013 0.039514
0 0.142160 0.292300 0.032087 0.039514
25 0.687640 0.570415 0.066964 0.060790
17 0.786342 0.598278 0.069057 0.057751
11 0.609515 0.796859 0.075335 0.075988
8 0.470006 0.660081 0.059989 0.065856
9 0.373047 0.629686 0.059989 0.065856
6 0.532785 0.539514 0.061384 0.049645
2 0.501744 0.464539 0.056501 0.047619
2 0.531390 0.393617 0.054408 0.047619
5 0.476632 0.439210 0.050921 0.049645
