23 0.251687 0.559317 0.063033 0.072211
37 0.336470 0.441973 0.072798 0.051580
4 0.375089 0.368472 0.052379 0.056738
34 0.458097 0.621857 0.063920 0.070922
15 0.295632 0.768859 0.067472 0.088975
34 0.525568 0.855255 0.069247 0.081238
2 0.488725 0.730819 0.073686 0.074790
39 0.466087 0.389104 0.053267 0.056738
17 0.527344 0.293681 0.056818 0.038685
54 0.384854 0.620567 0.079013 0.070922
54 0.350231 0.590264 0.054155 0.061896
54 0.272550 0.655384 0.055043 0.065764
54 0.408825 0.815280 0.075462 0.088975
54 0.399947 0.438104 0.050604 0.051580
54 0.492720 0.474855 0.062145 0.052869
54 0.427468 0.527079 0.063033 0.061896
54 0.635210 0.597357 0.070135 0.068343
54 0.691140 0.460026 0.063033 0.064475
