16 0.246443 0.438197 0.043945 0.045593
35 0.178083 0.488855 0.043945 0.047619
4 0.207729 0.656535 0.046038 0.056738
6 0.290388 0.542553 0.067662 0.057751
39 0.327706 0.465046 0.050223 0.054711
1 0.314802 0.349037 0.062081 0.043566
22 0.370954 0.306484 0.050223 0.039514
19 0.425363 0.270010 0.053013 0.039514
0 0.142160 0.292300 0.032087 0.039514
37 0.687640 0.570415 0.066964 0.060790
26 0.786342 0.598278 0.069057 0.057751
17 0.609515 0.796859 0.075335 0.075988
13 0.470006 0.660081 0.059989 0.065856
15 0.373047 0.629686 0.059989 0.065856
11 0.532785 0.539514 0.061384 0.049645
3 0.501744 0.464539 0.056501 0.047619
3 0.531390 0.393617 0.054408 0.047619
8 0.476632 0.439210 0.050921 0.049645
10 0.215732 0.218891 0.056818 0.038685
2 0.272994 0.180851 0.057706 0.037395
54 0.161133 0.357511 0.041726 0.052869
54 0.232156 0.267892 0.068359 0.041264
54 0.297852 0.220825 0.052379 0.032237
54 0.166460 0.385235 0.031072 0.010316
54 0.252131 0.330432 0.067472 0.050290
54 0.319602 0.282076 0.065696 0.046422
45 0.401278 0.253707 0.044389 0.033527
44 0.526900 0.231786 0.043501 0.033527
45 0.642312 0.204707 0.031072 0.030948
45 0.594371 0.249839 0.025746 0.028369
45 0.557972 0.278208 0.032848 0.018053
45 0.507369 0.320116 0.018643 0.037395
9 0.702237 0.439394 0.058594 0.041264
14 0.743963 0.352998 0.040838 0.041264
