49 0.185059 0.809220 0.049805 0.066667
50 0.193359 0.745390 0.070312 0.072340
50 0.173828 0.707801 0.041016 0.051064
50 0.260742 0.678723 0.064453 0.058156
50 0.253418 0.596454 0.067383 0.046809
50 0.335938 0.629078 0.076172 0.052482
50 0.281738 0.841135 0.051758 0.073759
50 0.354980 0.711348 0.065430 0.060993
49 0.061523 0.451064 0.033203 0.042553
54 0.444824 0.808511 0.061523 0.070922
54 0.444824 0.485816 0.041992 0.043972
54 0.444824 0.485816 0.041992 0.043972
54 0.444824 0.485816 0.041992 0.043972
54 0.444824 0.485816 0.041992 0.043972
54 0.540039 0.600000 0.058594 0.053901
54 0.566406 0.480142 0.050781 0.041135
54 0.603516 0.776596 0.060547 0.078014
50 0.072754 0.411348 0.055664 0.042553
50 0.133301 0.370922 0.063477 0.038298
50 0.195312 0.333333 0.060547 0.034043
50 0.142090 0.470922 0.043945 0.048227
50 0.215332 0.392908 0.059570 0.045390
50 0.059082 0.387234 0.032227 0.045390
50 0.134766 0.311348 0.064453 0.038298
32 0.458984 0.389362 0.037109 0.041135
