45 0.128906 0.540709 0.096875 0.119149
45 0.277344 0.432908 0.096875 0.112340
45 0.409766 0.257021 0.105469 0.076028
45 0.609375 0.188936 0.100000 0.064681
45 0.672266 0.300709 0.116406 0.083972
44 0.487891 0.460142 0.110156 0.121418
45 0.360156 0.468652 0.146875 0.122553
45 0.369531 0.819291 0.135937 0.177021
45 0.521094 0.537305 0.128125 0.114610
45 0.641797 0.428936 0.111719 0.108936
45 0.737500 0.337589 0.081250 0.078298
51 0.476562 0.466950 0.101562 0.112340
57 0.121484 0.018723 0.100781 0.001135
42 0.123232 0.545045 0.101615 0.126509
