49 0.244873 0.015366 0.083008 0.030733
45 0.239583 0.046099 0.069173 0.028369
33 0.335205 0.030142 0.084635 0.055556
34 0.335612 0.017730 0.085449 0.028369
47 0.429606 0.031324 0.091146 0.057920
48 0.429606 0.018322 0.091146 0.031915
37 0.521973 0.031915 0.085449 0.059102
38 0.522380 0.016548 0.084635 0.033097
40 0.616374 0.030733 0.093587 0.056738
41 0.617188 0.018913 0.093587 0.028369
46 0.832438 0.031324 0.107422 0.041371
28 0.053630 0.916667 0.104167 0.154846
24 0.458089 0.662530 0.135091 0.128842
42 0.121252 0.044758 0.089738 0.030669
